2 111001100100111010101011011110011011110001011000100101111111001011 >> 74
2 00011111001100011011011101110111111000011100110011110001100010101100001101 << 77
2 1000010100110100011000101010110100111110001111000110011000111010010101110110001000001100111110001000010000000000101101001111 << 109
2 01110110100010101101100110101101011011111010110101101010001111100001010110101011 >> 82
2 0111111110001001101110111000001000101101011101001101111101110111011100101000000101100001011 << 81
10 3569939045000 << 27
10 -08395295964334217781 >> 110
10 -53546526112509349 >> 92
2 0110111110011011000011000011011 << 101
2 001110101100001101100100100000101110111110010101100101101110001011001111111000100110011101111110011111000100 >> 56
16 C18F477F013B8175949C3 >> 16
10 -4506913674352637206 << 4
2 0010110110010010000110101010010100110000001101011000110111000100111 >> 56
16 36A13ADA3DC5EDEA8BFB3 << 40
10 -693086615127792889943 >> 101
10 -2 << 86
10 -047439862627883 << 60
2 000100101110000001000110 << 36
16 5A258995EADD5FE << 24
2 0000000001 >> 47
