10 0 / 0
10 1 / 0
16 C6 << 55
10 ~ -517115276142
10 2 857618927954312334113874277931986502
10 16 86509006138934460661849637882913598407
2 001111000101110100010001111111111101000001001 >> 107
16 89C3B92E34EC454F449E5F22 - CF30D83F569D10507B8174
2 16 0
10 33374380880 << 99
16 58610463E96 >> 29
2 000100001110001001111001100011101111010100110010110100110110100111101111011110010010010101111100011010001000111010010110 << 64
16 2910682316F + 9DE20624F96F9E1DE3C81E0DB23
2 0111011110000001 >> 118
2 1110011000101100001001100010010001010110010011101110100010111100000011111000010101010011100110101011100010101010001 << 80
2 16 1011111001010111111100110000011011111101010011111100011001110100101001011110011000101011000
10 ~ 910
10 53410485925413958 >> 9
16 B3518569D7B58010FECB4B21010F / C75710B2B
2 11100001111001001011100010111010100011000101111101110110111111000010000 / 110001011010110011100100111110010011000000110100111
2 16 00000011101111000001100001010100011100000011010110110010001110101111100110100101001111111001011
2 000010000111110010100110101100001101111101010011000110101100000110001010110101101100001110000100 - 100
10 16 121498245299838
16 10 69E6108D5721072
2 0000110101010100110100010110100000010111111000101010110101101010 << 54
10 -1955747 - 088152324666290493119955560594634905391
10 2 -6024902215444250421277
2 101001000101011 - 0010100010100011101010100001000100111010010101011011010101111001010
16 11100CE5109510E >> 117
10 7395972028 | 08183036202
2 10110000110101111001 << 20
10 306509722 << 27
16 04F / F809B1F9D4483B10930E617423
10 538 ^ 21040759051209891733076602898999
2 ~ 0110100011100110001010001010000100100101101110000101011110011011
10 -48513281646779641 * -63159702617625340755
16 C3BD1071E55962F8 | F
10 16 17591817866992
16 5147DF1075100D0957B4EF0E3610510BB << 73
16 2 86E21177B4D9
16 2 1DFBE3941D04D710
2 101101000010010010101011000001001101001111001110010101010111101000100100111110111 / 10111001110100011000110101
2 10 111101
2 011101000101010001000000100011010011010101011001010100000100011111011111101111011 << 3
10 92490574766309080151 << 118
2 0011010111001111110110110000100110011101111111101100111101000011000100110010 >> 76
16 EB5586910B79 - E841100C5FE90683E75
2 110101011110101100011001001110001110111111101110011111000011011101101011011100001001001101010000111111011011101010001011 * 11011011010
16 2 5F21C2E1
10 16 -303211081872892302825581249882717950340
2 0101001000101101011110010111001000010101000010011110000001100110 << 45
16 54 & 131047D064877411021F4B
10 -30432310277 + -0703631956151097
10 -17179498001850892808 & -473616808657102835561493832337
16 310D07FD3DBE9C7B3310D29F0101094F | 8B0510B6103F4710B106521178104710172
2 1101111100011001001001001011101011011011001100001011010101010101101111011011010010010 - 11101001001010111010100010011100110101111
10 915567902319878444358029498350435257774 >> 78
2 10000001010010110000010001000001100100100010001101100100010101111010101110001101110101010100011011001111101100 * 01010101100110101110100010010111101101100000101101000011100011011011000100100001
2 10 01011111100011000010100011010101111001101110110101111
10 2 -752071706717
10 16 52175310005007864914
10 79996063 ^ 36942
2 1101110011011000000 & 1101101011110110111010010011110010100101000010100011011111011010100010111001
2 10 0000010111101111001111010110011
2 01100001101000001110011000001111010 << 117
10 439969772523283385788135120865539535 << 8
2 ~ 100011010000010101111011110110010100001101100110001110010101001100
16 2 874E09F10D978109C3EE632F8F6F6E
10 -62011653495343770915400 & -237733391588802443
16 D0E365380373765653D03BC910E - 8
10 48594449945321743190738426987748783 << 39
2 00011110001010 & 00110110101010
2 010110001001011100101001100111011011000111000011100100100001001100101111 << 44
10 ~ -6815869466288168
10 16 -0582697175164499615560750795685
16 2 2581018F8EC75B60D538D410771198
10 16 08812749193620720053577443386445924424
10 023720776175679085742565882852767335694 << 92
16 3FC5F << 86
16 8 ^ 12210BE31000585DBC958ED5
2 01 | 00000100001010001010100010101011000010110000101000010011000100001001011100010110111111010110100110
16 2 8141BFFB1EC0875933F3CE4
2 16 1101101010110011100110000100001111010000001000001101111110101001100100101101010101010011100000000100101
2 16 0000001000011000110011001011101001111111100111011100111001000111000001010010000010000011111100110101110
10 990 << 27
10 -51978491 << 109
16 9B10C7E40291 * 5810
2 ~ 1111111101100001000001101010001001100011110101000101100001011010111001000001000001
16 72B0 - 5
2 1 << 14
16 2 B70C0938F8410735D109B
2 11101101101111111000101000010010000 << 96
16 DE4 >> 124
10 0490810017356950662367525666786 + -580044228650999387151998523107388
10 16 119124680895046867331731342773365536095
10 -6355147179965223709769 << 77
2 101010100110001101110010101110000010001100 * 100010001010000011110110000011010011001001000100010000101100111110011110100100000110000011000001000100001
16 2 39C238F6
10 2 -3305451285601892738426763029
2 01010000100011101111101110010000111100001000000110100001100101100110001011110100011110110100100000110000100011010111001 - 01000000111001101011100010001100010011001
10 16 85724292015014
2 10 111001111010010111001010110101110100011111101110000000110111010110100001010000101011110100101010011000110101110101101110111
